
spirals: K = 30, epochs = 200
EM : 12.706336498260498
GD: 14.994553327560425
SM: 32.62538290023804
SSM: 25.558830499649048

halfmoons: K = 10, epochs = 200
EM : 4.537181377410889
GD: 5.045578241348267
SM: 11.560363292694092
SSM: 8.996809720993042